no seed, 100
0              0.0918706   0.0677969      0.084633   0.079494
1              0.0699954   0.0452291     0.0696513  0.0597342
2              0.0510512   0.0342299     0.0551305  0.0434232
3              0.0261006   0.0159463     0.0316092  0.0262759
4               0.009586  0.00611171      0.013438  0.0148013
5                      0           0             0          0
6                    NaN         NaN           NaN        NaN

seed 42, 100
0              0.0920008   0.0678697      0.084633   0.079494
1              0.0702977    0.045266     0.0696513  0.0597342
2              0.0510986   0.0342497     0.0551305  0.0434232
3              0.0261066   0.0159749     0.0316092  0.0262759
4             0.00959492  0.00610986      0.013438  0.0148013
5                      0           0             0          0
6                    NaN         NaN           NaN        NaN


no seed, 200
0              0.0957951   0.0626453     0.0846329  0.0794943
1              0.0741643   0.0447976     0.0696514  0.0597343
2              0.0512984   0.0332864     0.0551306  0.0434231
3              0.0226764   0.0163875     0.0316092  0.0262759
4              0.0099806  0.00575786      0.013438  0.0148013
5                      0           0             0          0
6                    NaN         NaN           NaN        NaN

seed 42, 200
0              0.0934575   0.0672088     0.0846329  0.0794943
1              0.0687322   0.0444907     0.0696514  0.0597343
2              0.0502845   0.0351097     0.0551306  0.0434231
3              0.0251664   0.0163617     0.0316092  0.0262759
4             0.00993535  0.00640552      0.013438  0.0148013
5                      0           0             0          0
6                    NaN         NaN           NaN        NaN

seed 42, 200
0              0.0934647   0.0671316     0.0846329  0.0794943
1              0.0687878   0.0445146     0.0696514  0.0597343
2              0.0502714   0.0350543     0.0551306  0.0434231
3              0.0251546   0.0163721     0.0316092  0.0262759
4             0.00994015  0.00640247      0.013438  0.0148013
5                      0           0             0          0
6                    NaN         NaN           NaN        NaN

5th digit change after 200 runs == OK
